3682050
3543040
3489700
3446170
3446150
3446120
3432160
3418570
3350200
3296790
3241660
3171460
3155730
3123410
3117820
3113990
3094010
3066570
3028500
3027620
3027600
3017860
3014080
2983350
2983260
2983250
2967990
2947250
2947240
2947230
2947220
2933080
2909400
2903950
2881650
2879090
2838360
2837600
2835570
2754170
2752180
2743760
2741360
2741260
2737980
2737970
2712550
2699690
2696320
2679460
2673490
2666510
2638050
2631250
2630300
2622380
2614070
2612700
2604320
2599880
2593370
2567190
2561580
2552450
2552440
2552430
2543510
2542120
2531310
2527460
2524360
2521380
2515020
2510810
2495450
2458530
2442460
2441950
2432110
2430690
2429860
2427430
2427420
2427410
2425410
2419090
2407270
2399220
2396980
2392500
2386310
2384580
2383200
2379780
2361770
2361760
2360210
2358720
2347380
2337860
2322010
2321180
2305840
2303350
2294450
2285890
2272400
2258770
2252570
2246340
2243140
2242710
2238040
2231450
2215430
2206340
2187220
2186680
2185770
2185060
2184620
2184590
2184580
2184570
2181610
2172010
2166060
2156620
2153350
2138710
2138090
2135500
2124490
2111190
2109640
2106840
2103680
2103130
2096080
2095300
2088030
2087940
2084000
2071280
2071200
2066950
2066360
2056210
2054970
2052410
2050650
2023050
2020710
2014380
2012840
2008920
2005010
2002010
2001970
2001120
1999770
1999520
1985260
1982340
1977740
1977170
1972440
1971650
1967430
1966900
1961950
1961760
1954200
1944430
1944250
1942660
1942280
1941540
1939970
1937500
1934910
1931770
1929870
1927740
1927720
1920780
1920490
1916310
1904540
1897050
1890120
1888930
1888160
1880330
1876890
1868140
1859490
1858630
1854980
1850570
1847460
1844380
1839880
1833380
1832640
1831250
1829980
1829650
1822900
1817230
1817070
1815570
1811040
1794680
1786790
1777430
1776970
1775270
1771300
1765560
1765350
1755830
1751630
1746030
1730080
1723260
1718570
1718130
1716740
1714420
1712840
1711950
1701520
1694420
1693980
1691560
1689910
1684350
1681430
1674640
1671210
1669980
1669000
1668690
1665190
1665130
1663250
1662840
1659420
1659040
1658280
1658150
1649080
1649010
1644940
1641890
1637320
1634860
1632310
1627840
1624540
1621310
1612780
1608640
1608550
1608450
1608070
1604380
1604030
1602080
1601740
1599660
1599330
1593500
1593030
1590910
1586800
1584090
1583230
1581480
1580520
1578650
1577120
1569580
1569040
1567020
1566880
1562700
1562430
1558930
1558510
1552810
1549970
1545560
1544020
1537710
1532690
1531490
1518770
1515950
1511780
1511460
1507190
1506980
1506440
1504250
1502990
1502980
1502970
1502190
1496790
1496590
1494560
1493640
1492070
1491720
1491670
1489680
1488200
1486630
1483870
1477070
1475810
1467920
1465050
1462040
1458140
1455840
1454400
1451940
1451810
1451120
1451090
1449560
1449200
1448030
1446780
1446650
1438480
1437820
1435790
1434540
1434480
1433860
1432050
1424910
1424660
1422410
1419160
1416960
1413480
1410640
1409200
1407100
1407090
1406850
1406810
1404850
1402110
1390410
1385380
1382330
1382070
1373960
1373090
1371980
1366540
1360390
1353230
1348690
1346770
1345740
1342410
1341820
1340990
1340130
1338580
1336490
1332010
1330470
1325200
1324130
1318690
1310330
1306970
1304780
1299120
1295660
1295500
1294660
1294420
1293830
1291010
1288310
1284190
1283400
1282150
1282100
1281590
1280930
1279630
1277940
1277930
1272840
1272160
1272010
1270620
1269640
1269300
1269260
1268110
1267910
1266700
1266030
1265820
1265780
1263860
1263850
1260520
1260320
1260130
1259420
1257290
1256670
1252330
1245620
1244950
1244800
1237370
1237320
1236300
1235140
1230530
1230140
1227890
1222140
1221250
1218210
1217060
1207780
1205520
1205260
1205240
1202130
1200110
1196590
1195290
1194630
1191210
1188930
1186040
1184370
1183260
1182900
1182310
1178490
1176710
1176470
1175460
1173820
1173810
1173800
1173790
1173780
1173770
1173400
1172650
1168880
1167920
1167450
1163740
1161580
1161190
1158500
1158370
1158310
1158160
1155330
1152320
1152310
1152300
1151640
1150530
1147560
1145360
1145350
1144400
1143810
1142830
1140630
1140440
1140270
1139900
1138100
1135810
1135690
1135570
1132980
1127500
1125480
1124300
1124260
1123450
1121560
1115690
1113000
1112890
1111390
1111380
1109570
1108000
1104660
1104330
1102130
1100620
1100600
1099640
1094530
1092790
1091980
1091500
1088850
1087760
1086940
1086010
1085220
1084600
1082430
1079830
1076280
1076200
1071870
1069230
1065310
1064730
1064070
1062810
1060320
1057090
1053710
1052990
1049410
1049280
1048540
1045620
1044620
1042490
1041840
1040420
1040200
1035510
1033420
1030840
1030830
1025070
1020330
1017900
1016920
1011300
1009290
1008690
1007350
1007040
1004770
1000010
998940
994730
994280
994220
990630
990080
987840
983150
978300
977880
976730
976390
976310
973760
970830
970570
970560
966330
965580
964800
960990
960910
960730
957960
957680
956100
956030
955900
952200
952070
952060
950670
948740
945700
943370
942970
939850
939620
938270
936190
936180
936160
935400
931500
931180
930910
928600
927350
923810
914700
910630
905340
900040
899440
897220
894020
893680
893180
889910
889710
889700
887400
883710
882100
881020
880950
880510
878670
877150
876850
874260
872820
872790
870780
865610
863550
861540
860950
860510
859580
848550
848410
848350
847370
845070
844050
843260
840720
838350
837880
835950
834530
831660
826600
825630
824270
822540
820730
820380
819030
813230
812560
812160
809890
804010
803050
802890
802880
798460
797410
796620
794540
793460
790820
789830
787510
787480
785740
783120
783050
782330
780800
780310
779340
779290
777880
777650
775430
774561
774361
774181
774171
769920
761620
760620
758330
758090
757310
757300
756590
753640
752590
750920
749520
747470
747350
745960
743910
743450
742420
742300
741820
740130
739630
738540
738510
737800
737520
736820
736260
736190
735580
731040
729660
729040
728880
727020
726340
724970
723100
720280
719040
718650
716710
716500
716490
712840
712050
704850
704450
702150
701160
699920
699170
698670
696480
695330
692890
691150
690790
690140
690040
688420
686260
686180
684680
684580
684410
683320
681280
680380
680360
679520
678960
675610
675010
674940
671440
668630
666140
661940
660160
658850
655760
654310
654050
653530
651660
650220
650000
649190
648800
648580
648350
648100
647570
646570
644830
644570
644560
644390
641990
640820
640590
638650
638230
638200
638070
637090
635730
635320
633130
633060
632470
632360
631570
628950
627950
626690
626510
624120
624090
623940
623080
621530
621060
620980
620590
619880
619780
618140
617830
616560
616110
615610
614570
613830
612170
611790
611670
611660
608800
607890
607080
605910
604540
604490
604450
603370
602890
602520
602320
601840
601340
599140
597760
597220
597180
596970
595340
594550
590590
590380
589390
589360
588210
587620
586970
586960
586930
586620
586380
586240
586200
586190
586170
586140
585560
585420
584400
583760
583490
583270
582890
582550
582430
581820
581720
581640
581620
581610
581100
580420
579760
578250
576470
576440
576130
575870
575840
575700
575550
575490
575330
574690
574620
574090
573410
573320
573120
572890
571310
570780
570770
570460
570380
570050
568450
567730
567680
567580
567290
567280
566670
566190
565340
563120
562810
562800
562570
559500
559210
559100
558990
558620
557680
557600
557340
556870
556280
556130
555700
555640
555220
555000
554530
553850
552590
552500
552280
551190
550390
549680
548430
547960
547340
546990
546980
546560
546450
546400
545700
545410
545320
545270
544750
544610
544330
544140
543460
542740
542730
542720
542710
542700
542690
542400
542340
541370
540900
540840
540020
539450
539440
538590
537800
537520
537360
535930
535760
534550
534290
533820
533620
533330
532600
532210
531860
530930
530320
530240
529660
529340
528660
528510
528300
528210
528090
527790
527770
527760
527750
527540
527490
527480
527190
526880
526740
526540
525480
524440
524340
524220
523790
522570
522210
522040
521940
521930
521230
520720
518800
518620
518030
517630
516700
515690
515470
515310
514970
514660
514490
514480
514470
513780
513740
513630
513620
513610
513590
513550
513530
512640
512250
511750
510840
510420
509840
509110
508950
508290
508180
508170
507490
507400
507390
507380
506610
505730
505210
504490
504230
504210
504130
503710
503560
503420
502880
502500
502400
502140
501300
500670
500590
500580
500570
499520
499420
499180
498050
498040
498030
497700
497260
497080
497050
496890
496870
496730
496690
496680
496500
496300
495780
495740
495050
494660
494580
494430
494360
493710
493700
493650
493540
493340
492870
491950
491650
491580
491260
490980
490940
490860
490820
489900
489890
489830
489630
489610
489220
489140
488950
488730
488210
487600
487590
487580
487430
487270
487220
486880
486820
486690
486360
486150
485510
485490
485420
485410
485390
485330
485310
485080
482750
482730
482400
480490
478010
477740
477160
476480
475550
475150
474960
474910
474810
474050
473670
473650
473620
473580
473560
473470
473050
471810
471170
470310
469890
469730
468920
468490
468320
467960
467950
467370
467010
467000
466840
466790
466300
465760
465650
464960
464920
464060
463930
463860
463710
463680
463220
463210
463150
463110
463100
462990
462770
462730
462680
462370
462220
461890
461880
461010
460950
460910
460870
460790
460660
458940
457940
457890
457820
457210
457140
456810
456440
456210
455710
454950
454930
454890
454690
454200
454100
454040
453850
453820
453100
452570
451880
451760
451020
449960
449630
449340
449200
448910
448640
448630
448510
448470
448000
447970
447950
447890
447880
447850
447530
447240
447120
447020
446840
446640
446020
445310
444490
444480
444220
443940
443910
443880
443860
443810
443570
442780
442070
441670
441380
440900
440650
439910
439250
439190
438490
438180
438130
438080
438030
438020
438010
437630
437570
437390
436300
435150
435120
434650
434210
434020
433910
433550
433340
432990
432950
432150
431930
431710
431250
429660
429570
429120
428950
427980
427820
427730
427520
427290
426690
425410
425220
424840
423950
423920
423710
423580
422970
422250
422100
421660
421040
420740
420110
420100
420060
418950
418640
418370
418270
418240
418180
418120
418070
416680
416370
416270
415960
415150
414700
414340
413150
412830
412600
412380
412290
412170
412020
411760
411590
410990
410980
410970
410900
410890
410710
410700
410590
410440
410210
410110
409730
409720
409710
409100
408410
407980
407680
407530
406970
406090
405830
405710
405640
404770
404730
404620
404540
403900
403640
403570
403560
402390
400910
400660
400630
400510
400250
400240
400170
399700
399580
399430
399040
398960
398850
398710
398530
397980
397840
397620
397340
397270
397080
396900
395980
395170
394760
394510
394360
394310
393430
393420
392110
392070
392050
391720
391660
391600
391580
391540
391310
391300
391220
391070
390970
390710
390340
390040
389730
389140
388750
388440
388420
388410
388210
388160
388120
387290
387060
386970
386620
385860
385800
385760
385390
385200
385080
385070
384630
384310
384250
384190
384110
383980
383930
383870
383580
383460
383330
383270
383180
383150
383120
382140
382120
381780
381210
381120
379430
378610
378540
378120
378100
377720
377710
377680
377310
377160
375680
375510
375460
375010
374830
374040
373990
373930
373870
373860
373770
373420
372490
372360
372160
371570
371510
371420
371200
371140
370910
370870
370270
370170
368900
368730
368420
368370
368260
368160
368080
367520
367500
367450
366640
366220
365450
365160
364930
364480
364360
363930
363490
363440
362890
362610
361990
361280
361190
361020
360970
360830
360430
360170
360030
359870
359060
358830
358750
358080
357900
357280
356650
356190
355810
355790
355240
354860
354850
353700
353110
353090
352620
352520
352220
351970
351940
351920
351910
351510
351100
351080
350740
350640
349040
348950
348510
348340
348020
347620
347560
346940
346830
346290
346110
346010
345920
345610
345350
345130
344770
344300
344230
344040
343860
343710
342630
342380
342300
342230
341800
341780
341000
340650
340490
340320
340310
340300
340170
340050
339470
339340
338530
338390
337360
337340
337000
336280
336090
335300
335190
334960
334490
334480
334470
334230
334210
334070
333600
332810
331870
331790
331710
330840
330830
330580
330420
329380
329000
328760
327510
327410
326950
326480
326410
325610
324740
324650
324160
323580
323490
323450
323280
323260
323190
322910
322500
322330
322190
322170
321920
321800
321040
320430
320040
319970
319830
319630
319480
318600
317820
317710
317620
317370
316790
316750
315810
315540
315260
314710
314660
314510
314070
314030
313740
313340
312960
312670
312660
312200
311860
311690
311340
311240
311210
310950
310560
310060
308580
308420
308060
308040
308000
307690
307670
306130
305620
305380
305050
304670
304650
304430
304240
303800
303390
303210
302730
302190
301970
301910
301860
301700
301260
301220
301200
301190
300550
299460
298140
298050
297130
297000
296970
295790
294860
294810
294230
294040
293780
293720
293480
293320
292910
292500
292140
292120
292030
291650
291390
290790
290340
290300
289820
289690
289260
289130
289070
288160
287980
287700
287450
287390
287290
287260
287120
287070
286690
286570
286260
286160
286040
285820
285800
285190
285160
284240
283640
283270
282800
282210
282140
282100
282070
281990
281750
281640
279420
278910
278360
276770
275830
275810
275390
275200
274900
274500
274290
274170
272270
272060
271820
271570
271240
270880
270850
270450
270150
269790
269250
268870
268500
266840
266510
265930
265830
265590
265550
265300
265210
263300
263280
262940
262850
262690
262280
262060
261880
261760
261640
261570
261510
261490
261180
261110
261030
260230
259660
259130
258950
257850
257510
257350
257170
256290
255710
255520
254700
253650
253330
253230
252410
252150
252130
252010
251870
251430
251230
251210
251060
250900
250580
250320
249990
249590
249230
249050
248710
248610
248550
248310
247240
247120
247080
246900
246760
246740
246620
246070
245730
245620
245170
244850
244090
244070
243970
243930
243380
243280
243200
242920
242700
241930
240760
239200
238750
238460
238370
238320
238210
238090
237930
237850
236870
236850
236150
235540
235210
234710
234650
234350
234270
234140
233980
233840
233610
233450
233130
232790
232770
232090
232050
232010
231430
231310
231200
231020
230330
230230
230190
228300
228280
228200
227300
226860
226840
226720
226620
225420
225320
225300
225260
225080
225020
225000
224980
224960
224860
223830
223000
222880
222750
222730
222640
222480
222140
221910
221380
221040
220820
220440
220200
220090
219950
219780
219760
219740
219640
219150
218700
218620
218310
218090
217200
216930
216390
214730
214560
214550
214510
214490
214170
214150
213670
212680
211420
211260
211160
210970
210770
209670
209630
209190
209080
209000
208640
208630
208620
208610
208500
208140
207610
207490
207140
206440
206420
205830
205100
204880
204450
204440
204360
204340
204240
203750
203680
203160
202750
202200
201830
201790
201700
200510
115800
115320
115110
113200
113020
108710
108200
107100
105600
105450
102840
99300
96100
96000
94620
94610
94600
94590
94300
73020
72850
71240
67370
65980
65930
65790
65780
65300
63500
61520
61510
61500
60350
60340
58610
57300
55230
55150
55100
50300
50130
49520
48720
48700
48000
47870
47810
47780
46520
46510
46500
46410
45770
45740
44350
43160
43110
42980
42960
41900
41700
40990
40980
40970
40800
40700
39150
39140
38420
38410
38400
38210
35450
35420
35130
35000
34460
34450
34440
34330
34270
34010
33340
33210
32370
32160
32140
32120
32110
31280
31270
31260
31250
31240
31230
31220
26800
25890
25800
25000
24780
24720
24420
24010
22490
22380
22370
22330
22320
22180
22140
22120
22100
21800
21690
21680
20920
20900
20510
19980
19900
19840
19830
19200
18420
17440
17430
17390
16810
16700
16060
16040
16030
16020
16000
15960
15950
15930
15900
15700
15300
15170
15130
15120
15100
15000
13630
13620
13600
13580
13570
13560
13540
13530
13520
13500
13250
12250
12240
12230
12120
12110
12100
11390
11370
11360
11340
11330
11240
9480
9450
9310
9010
9000
8980
8930
8870
8850
8800
8330
8320
8310
8300
8290
8280
8270
8260
8250
8240
8230
8220
8210
8200
8140
8000
7670
7600
7000
6840
6830
6810
6800
6510
6120
4580
4570
4560
4500
3990
3920
3910
3900
3590
2270
2130
2100
1700
1520
1250
620
550
500
400
360
320
300
280
240
220
130
100
80
70
60
50
40
30
20
10
